$ 1 0.000001 10.20027730826997 50 5 50 5e-11
155 656 352 688 352 14 0
g 656 352 640 352 0 0
207 512 256 544 256 4 /W
207 752 416 784 416 4 /MR
207 512 224 544 224 4 /MR
207 656 416 624 416 4 /W
L 512 224 480 224 0 1 false 5 0
L 512 256 480 256 0 1 false 5 0
r 752 384 816 384 0 10000
t 816 384 848 384 0 1 0.5738663301311184 0.5917410409799954 100 default
c 880 352 880 400 4 0.000001 0.017874710848876978 0.001 0
r 752 352 848 352 0 10000
w 848 352 848 368 0
g 848 400 848 416 0 0
w 848 352 880 352 0
w 880 400 848 400 0
183 880 352 944 352 0 0.5 1.66 3.33 5 0
w 944 320 752 320 0
w 752 320 752 352 0
207 1360 272 1392 272 4 /CLK
I 1072 176 1008 176 0 0.5 5
159 528 400 528 368 7 20 10000000000 2.5
g 528 400 528 416 0 0
L 512 384 480 384 0 1 false 5 0
r 528 368 528 304 0 10000
R 528 304 528 288 0 0 40 5 0 0 0.5
207 528 368 560 368 4 /CLK
I 944 192 944 256 0 0.5 5
r 944 192 848 192 0 10000
r 944 256 880 256 0 10000
t 880 256 848 256 0 1 -4.278132172162992 4.378133857488432e-8 100 default
g 848 272 848 288 0 0
c 816 192 816 272 4 0.000001 4.278132224700598 0.001 0
w 816 192 848 192 0
w 816 272 848 272 0
r 848 192 848 240 0 1000
183 816 192 752 192 0 0.5 1.66 3.33 5 0
c 752 192 640 192 4 2.2000000000000002e-8 -4.999999999999958 0.001 0
r 640 192 640 128 0 1000
R 640 128 640 112 0 0 40 5 0 0 0.5
w 640 192 640 384 0
w 640 384 656 384 0
r 1360 272 1360 192 0 2000
t 1296 272 1328 272 0 -1 4.752066585907767 -8.881784197001252e-16 100 default
r 1328 192 1328 256 0 10000
R 1328 192 1328 176 0 0 40 5 0 0 0.5
t 1328 288 1360 288 0 1 -4.752063358889347 0.24793336557156614 100 default
g 1360 304 1360 320 0 0
r 1296 272 1232 272 0 10000
151 944 336 1008 336 0 2 5 5
w 1328 192 1360 192 0
151 1008 192 944 192 0 2 5 5
207 1008 336 1040 336 4 /CLKh
207 1232 272 1200 272 4 /CLKh
207 1008 208 1040 208 4 /CLKh
207 1072 176 1104 176 4 /CLK
207 1008 176 1008 144 4 CP
151 944 528 1008 528 0 2 5 5
I 944 416 944 512 0 0.5 5
207 944 544 912 544 4 /DQ
207 1008 528 1040 528 4 DATh
207 1232 432 1200 432 4 DATh
w 1328 352 1360 352 0
r 1296 432 1232 432 0 10000
g 1360 464 1360 480 0 0
t 1328 448 1360 448 0 1 -4.752063703173081 0.2479333661792896 100 default
R 1328 352 1328 336 0 0 40 5 0 0 0.5
r 1328 352 1328 416 0 10000
t 1296 432 1328 432 0 -1 4.752066585300045 0 100 default
r 1360 432 1360 352 0 2000
207 1360 432 1392 432 4 DAT
151 944 432 1008 432 0 2 5 5
w 944 352 944 416 0
w 640 384 640 448 0
I 640 448 944 448 0 0.5 5
207 1008 432 1040 432 4 /RCV
