$ 1 0.000005 10.20027730826997 50 5 50 5e-11
155 656 288 672 288 14 0
g 656 288 640 288 0 0
r 816 320 880 320 0 14700
w 752 320 816 320 0
d 816 352 880 352 2 default
w 880 320 880 352 0
w 816 320 816 352 0
c 880 352 944 352 4 0.000001 5.987427367755871 0.001 0
g 944 352 960 352 0 0
183 880 320 944 320 0 0.5 1.66 3.33 5 0
w 816 320 816 288 0
r 1040 416 1040 352 0 2000
207 1040 256 1088 256 4 /CLK
207 1040 416 1088 416 4 DAT
207 752 352 800 352 4 /RES
207 656 352 608 352 4 /W
207 656 160 688 160 4 /RES
L 656 160 624 160 0 1 false 5 0
L 656 176 624 176 0 1 false 5 0
I 1040 256 1040 320 0 0.5 5
207 1040 320 1088 320 4 CP
207 656 176 688 176 4 /W
L 1264 256 1296 256 0 1 false 5 0
d 1200 256 1264 256 2 default
r 1200 256 1200 192 0 10000
R 1200 192 1200 176 0 0 40 5 0 0 0.5
207 1200 256 1152 256 4 /CLK
t 960 288 960 320 0 -1 4.9991474140937315 -0.0008360671592377855 100 default
r 944 288 816 288 0 4700
r 944 320 944 384 0 4700
t 944 384 944 416 0 1 -4.99999995563 2.3969999785978755e-8 100 default
L 928 416 896 416 0 0 false 5 0
w 960 416 1040 416 0
R 1040 352 1040 336 0 0 40 5 0 0 0.5
r 960 224 960 288 0 10000
t 960 224 960 192 1 1 0.29768018973079613 -0.0009356759116849744 100 default
R 880 128 880 112 0 0 40 5 0 0 0.5
r 880 192 880 128 0 10000
w 1008 320 976 320 0
c 848 128 848 192 4 0.000001 0.3050257001192769 0.001 0.1
w 976 192 1008 192 0
w 1008 192 1008 256 0
R 1040 192 1040 176 0 0 40 5 0 0 0.5
r 1040 256 1040 192 0 2000
w 1040 256 1008 256 0
183 880 256 816 256 0 0.5 1.66 3.33 5 0
c 816 256 752 256 4 1.0000000000000001e-7 -4.999999999999914 0.001 0
r 752 256 752 192 0 4700
R 752 192 752 176 0 0 40 5 0 0 0.5
w 624 256 624 320 0
w 624 320 656 320 0
152 752 384 752 448 0 2 5 5
w 752 288 768 288 0
w 768 288 768 384 0
207 752 448 752 496 4 /RCV
d 944 320 944 288 2 default
w 944 288 960 288 0
w 848 128 880 128 0
w 880 192 848 192 0
d 880 192 944 192 2 default
w 880 192 880 256 0
w 752 256 624 256 0
w 624 320 624 384 0
w 624 384 736 384 0
w 1008 256 1008 320 0
