$ 1 0.0000049999999999999996 10.20027730826997 50 5 50 5e-11
207 656 176 688 176 4 /W
L 656 176 624 176 0 1 false 5 0
L 656 160 624 160 0 0 false 5 0
207 656 160 688 160 4 /RES
r 880 448 944 448 0 14700
d 944 480 880 480 2 default
w 944 448 944 480 0
w 880 448 880 480 0
c 944 480 1008 480 4 0.000001 0.001 0.001 0
g 1008 480 1024 480 0 0
183 944 448 1008 448 0 0.5 1.66 3.33 5 0
151 1008 432 1072 432 0 2 0 5
w 1008 416 880 416 0
w 880 416 880 448 0
I 1008 448 1008 544 0 0.5 5
151 1008 560 1072 560 0 2 5 5
207 1008 576 976 576 4 /DQ
d 1136 560 1072 560 2 default
207 656 192 688 192 4 /DQ
L 656 192 624 192 0 1 false 5 0
r 944 352 1008 352 0 10000
d 944 384 1008 384 2 default
c 880 384 944 384 4 0.000001 0.001 0.001 0
g 880 384 864 384 0 0
183 944 352 880 352 0 0.5 1.66 3.33 5 0
c 816 352 880 352 4 2e-9 0.001 0.001 0
r 816 352 816 288 0 4700
151 752 480 816 480 0 2 0 5
151 816 400 752 400 0 2 0 5
207 752 496 720 496 4 /W
207 816 288 816 256 4 /RES
d 1136 432 1072 432 2 default
I 1136 400 1136 336 0 0.5 5
151 1072 352 1008 352 0 2 0 5
w 1072 336 1136 336 0
w 1072 368 1072 432 0
w 1136 400 1136 432 0
207 1136 336 1136 304 4 CP
w 1008 352 1008 384 0
w 944 352 944 384 0
w 752 400 752 464 0
w 816 416 816 480 0
w 816 480 880 480 0
w 816 352 816 384 0
R 1200 432 1216 432 0 0 40 5 0 0 0.5
r 1200 432 1136 432 0 4700
r 1200 560 1136 560 0 4700
R 1200 560 1216 560 0 0 40 5 0 0 0.5
207 1136 432 1136 464 4 /CLK
207 1136 560 1136 528 4 DAT
151 816 560 880 560 0 2 5 5
L 960 176 992 176 0 1 false 5 0
d 896 176 960 176 2 default
207 896 176 864 176 4 /CLK
